1	1	0	169	258	208
2	1	258	136	416	208
3	1	416	105	577	208
4	1	577	74	733	208
5	1	800	169	831	175
6	1	864	137	895	145
7	1	928	103	960	109
8	1	960	169	1085	208
9	1	1058	107	1083	111
10	1	1092	73	1183	80
11	1	1160	169	1240	173
12	1	1216	73	1311	77
13	1	1280	139	1344	142
14	1	1315	105	1607	109
15	1	1377	172	1438	175
16	1	1470	137	1535	141
17	1	1570	172	1694	178
18	1	1600	73	1755	78
19	1	1825	169	1854	175
20	1	1859	107	1886	111
21	1	1894	72	1951	78
22	1	1984	136	2015	140
23	1	2048	137	2147	141
24	1	2142	102	2240	106
25	1	2230	169	2340	174
26	1	2338	137	2400	208
27	1	2400	169	2497	177
28	1	2497	139	2591	176
29	1	2591	170	2657	177
30	1	2657	139	2720	177
31	1	2720	106	2878	110
32	1	2946	169	3070	174
33	3	3040	0	3056	160
34	2	0	0	16	160
35	2	263	140	265	208
36	2	417	108	419	208
37	2	578	77	579	208
38	2	1290	77	1309	85
39	2	1602	76	1606	107
40	2	2145	103	2150	140
41	2	2339	143	2398	208
42	2	2500	141	2588	176
43	2	2660	141	2657	177
44	2	2722	108	2725	137
45	4	0	345	88
46	4	1	442	57
47	4	2	696	39
48	4	7	1002	57
49	4	1	1147	121
50	4	3	1385	57
51	4	0	1496	57
52	4	5	1675	105
53	4	2	1819	121
54	4	3	2073	73
55	4	0	2185	57
56	4	1	2361	88
57	4	0	2490	88
58	4	7	2617	73
59	4	1	2827	57
60	5	1091	79	1097	155
61	5	1894	74	1903	193
62	6	728	76	736	208	1	1
63	6	800	173	831	208	1	1
64	6	864	144	895	208	1	1
65	6	928	107	960	208	1	1
66	6	1178	75	1183	120	0	1
67	6	1216	75	1222	120	1	0
68	6	1748	87	1756	128	0	1
69	6	1825	174	1854	208	1	1
70	6	1943	74	1951	208	0	1
71	6	1984	139	2015	208	1	1
72	6	2048	139	2059	208	1	0
73	6	2231	105	2240	172	0	1
74	6	2872	109	2880	208	0	1
75	6	2944	170	2952	208	0	1