1	1	0	167	542	208
2	1	576	167	607	191
3	1	640	167	671	191
4	1	704	167	735	191
5	1	768	167	800	191
6	1	800	135	831	147
7	1	832	103	959	105
8	1	1024	167	1087	191
9	1	1121	167	1407	191
10	1	1216	103	1247	105
11	1	1280	103	1375	105
12	1	1408	135	1440	137
13	1	1440	103	1472	105
14	1	1472	71	1535	73
15	1	1600	167	1615	191
16	1	1664	167	1679	191
17	1	1728	167	1743	191
18	1	1793	167	2035	208
19	2	0	0	16	160
20	3	2025	0	2048	160
21	4	0	328	119
22	4	0	425	119
23	4	1	575	119
24	4	4	640	119
25	4	6	760	99
26	4	3	880	55
27	4	1	1145	119
28	4	5	1175	57
29	4	1	1320	57
30	4	8	1656	122
31	4	2	1848	122